[
+
0,0,20,1,0
144
12751
38266
23013
53951
11483
46467
19715
5981
9514
64882
7681
608
34962
39579
10921
29530
3739
51405
34125
*
+
1,0,1,25,0
57530,62700,35364,30268,56373,51159,65535,40036,17484,55046,24599,44302,747,17989,38576,54969,31796,48759,30194,48667,39266,48283,37468,9785,27853
*
$
2,0,20,25,1
8284320,9028800,5092416,4358592,8117712,7366896,9437040,5765184,2517696,7926624,3542256,6379488,107568,2590416,5554944,7915536,4578624,7021296,4347936,7008048,5654304,6952752,5395392,1409040,4010832
733565030,799487700,450926364,385947268,718812123,652328409,835636785,510499036,222938484,701891546,313661849,564894802,9524997,229377739,491882576,700909719,405430796,621726009,385003694,620552917,500680766,615656533,477754468,124768535,355153603
-2093524316,-1895689096,1353238824,1158235288,-2137798078,1957650294,-1787204986,1532017576,669042744,2106390236,941305334,1695260332,28584702,688367074,1476149216,2103443754,1216705736,1865811894,1155403604,1862291422,1502552756,1847597278,1433750488,374432810,1065822898
1323937890,1442915100,813831732,696557484,1297311849,1177322067,1508156955,921348468,402359292,1266773598,566096787,1019521926,17190711,413980857,887749488,1265001597,731721348,1122090867,694854522,1119973671,903628458,1111136679,862251084,225182205,640981089
-1191166266,-912239596,1907923164,1632988868,-1253587573,-1534888087,-759288511,-2134985060,943279284,-1325180550,1327140649,-1904830094,40301397,970524539,2081213776,-1329334777,1715425996,-1664370487,1628996494,-1669333979,2118439966,-1690051163,2021436068,527910535,1502697203
660616990,719984100,406084812,347567444,647331159,587458797,752538405,459733388,200768772,632093218,282470317,508719866,8577801,206567687,442968208,631209027,365113468,559899597,346717702,558843161,450891478,554433689,430245044,112361155,319835999
-1621720786,-1381486396,1643258988,1406463156,-1675483105,-1917762043,-1249752451,1860352812,812429028,-1737144814,1143041733,2058581034,34710849,835894863,1792510992,-1740722773,1477464732,-2029282843,1403024598,-2033557807,1824573222,-2051401135,1741025556,454679595,1294245351
1134203950,1236130500,697201260,596733620,1111393695,1008599685,1292022525,789309740,344697060,1085231890,484969285,873413930,14727105,354653135,760525840,1083713835,626858140,961283685,595274710,959469905,774129190,951899345,738681620,192911275,549121895
344086930,375008700,211512084,181032908,337166913,305981979,391964835,239455316,104571804,329230126,147126619,264970262,4467807,107592209,230723056,328769589,190171876,291627579,180590314,291077327,234849946,288780623,224096108,58524085,166588793
547340420,596527800,336453096,287969752,536332722,486726726,623499990,380902504,166342776,523707644,234034886,421489228,7106958,171147346,367012064,522975066,302507144,463893126,287265716,463017838,373576724,459364462,356470552,93094490,264993442
-562305836,-226865896,-2000480248,1963848376,-637374310,-975669058,-42925426,-1697351544,1134396888,-723472724,1596032318,-1420564932,48466854,1167162298,-1792079264,-728468638,2062988072,-1131385858,1959047108,-1137355002,-1747310684,-1162269690,-1863968520,634870370,1807158346
441887930,481598700,271630884,232488508,433001013,392952279,503374335,307516516,134294604,422808326,188944919,340283662,5737707,138173509,296302256,422216889,244225076,374517879,231920114,373811227,301602146,370861723,287791708,75158585,213938893
34978240,38121600,21501312,18402944,34274784,31104672,39845280,24341888,10630272,33467968,14956192,26935616,454176,10937312,23454208,33421152,19331968,29645472,18357952,29589536,23873728,29356064,22780544,5949280,16934624
2011363860,-2102849896,1236396168,1058229816,1970912826,1788620958,-2003732626,1399738632,611275608,1924518252,860030238,1548886524,26116614,628931418,1348694112,1921826178,1111651752,1704712158,1055642628,1701495654,1372817892,1688070246,1309956216,342103170,973796586
-2017987426,-1813363996,1399671756,1197977172,-2063780329,2024822061,-1701157531,1584584844,691999236,-2116301662,973603821,1753428858,29565513,711986631,1526799504,-2119349245,1258453884,1929832461,1195048326,1926191193,1554109014,1910992857,1482945972,387280515,1102393887
628285130,684746700,386210244,330556828,615649533,558707439,715707735,437233156,190942764,601157366,268645679,483822142,8157987,196457869,421288496,600316449,347244116,532497039,329748674,531492307,428823986,527298643,409188028,106861985,304182613
1698860900,1851531000,1044298920,893814040,1664694690,1510725270,1935248550,1182263080,516302520,1625508380,726408470,1308238060,22058910,531215170,1139149280,1623234570,938935880,1439853270,891628820,1437136510,1159524980,1425796990,1106430040,288951050,822499090
215104670,234435300,132225996,113172052,210778647,191283501,245035365,149694604,65372676,205816994,91975661,165645178,2793033,67260871,144235664,205529091,118885244,182309901,112895366,181965913,146815574,180530137,140092852,36586115,104142367
-1337637646,-1071873796,1817886420,1555926540,-1397113231,-1665138901,-926140621,2058050580,898765020,-1465327666,1264511595,-2017622986,38399535,924724545,1982999280,-1469285851,1634473380,-1788510901,1552122570,-1793240161,2018468730,-1812979681,1926042540,502997925,1431783465
1963211250,2139637500,1206796500,1032895500,1923728625,1745800875,-2058585421,1366228500,596641500,1878444750,839440875,1511805750,25491375,613874625,1316406000,1875817125,1085038500,1663900875,1030370250,1660761375,1339952250,1647657375,1278595500,333913125,950483625
-
]
[
+
0,0,20,1,0
144
12751
38266
23013
53951
11483
46467
19715
5981
9514
64882
7681
608
34962
39579
10921
29530
3739
51405
34125
*
+
1,0,1,25,0
57530,62700,35364,30268,56373,51159,65535,40036,17484,55046,24599,44302,747,17989,38576,54969,31796,48759,30194,48667,39266,48283,37468,9785,27853
*
$
2,0,20,25,1
8284320,9028800,5092416,4358592,8117712,7366896,9437040,5765184,2517696,7926624,3542256,6379488,107568,2590416,5554944,7915536,4578624,7021296,4347936,7008048,5654304,6952752,5395392,1409040,4010832
733565030,799487700,450926364,385947268,718812123,652328409,835636785,510499036,222938484,701891546,313661849,564894802,9524997,229377739,491882576,700909719,405430796,621726009,385003694,620552917,500680766,615656533,477754468,124768535,355153603
-2093524316,-1895689096,1353238824,1158235288,-2137798078,1957650294,-1787204986,1532017576,669042744,2106390236,941305334,1695260332,28584702,688367074,1476149216,2103443754,1216705736,1865811894,1155403604,1862291422,1502552756,1847597278,1433750488,374432810,1065822898
1323937890,1442915100,813831732,696557484,1297311849,1177322067,1508156955,921348468,402359292,1266773598,566096787,1019521926,17190711,413980857,887749488,1265001597,731721348,1122090867,694854522,1119973671,903628458,1111136679,862251084,225182205,640981089
-1191166266,-912239596,1907923164,1632988868,-1253587573,-1534888087,-759288511,-2134985060,943279284,-1325180550,1327140649,-1904830094,40301397,970524539,2081213776,-1329334777,1715425996,-1664370487,1628996494,-1669333979,2118439966,-1690051163,2021436068,527910535,1502697203
660616990,719984100,406084812,347567444,647331159,587458797,752538405,459733388,200768772,632093218,282470317,508719866,8577801,206567687,442968208,631209027,365113468,559899597,346717702,558843161,450891478,554433689,430245044,112361155,319835999
-1621720786,-1381486396,1643258988,1406463156,-1675483105,-1917762043,-1249752451,1860352812,812429028,-1737144814,1143041733,2058581034,34710849,835894863,1792510992,-1740722773,1477464732,-2029282843,1403024598,-2033557807,1824573222,-2051401135,1741025556,454679595,1294245351
1134203950,1236130500,697201260,596733620,1111393695,1008599685,1292022525,789309740,344697060,1085231890,484969285,873413930,14727105,354653135,760525840,1083713835,626858140,961283685,595274710,959469905,774129190,951899345,738681620,192911275,549121895
344086930,375008700,211512084,181032908,337166913,305981979,391964835,239455316,104571804,329230126,147126619,264970262,4467807,107592209,230723056,328769589,190171876,291627579,180590314,291077327,234849946,288780623,224096108,58524085,166588793
547340420,596527800,336453096,287969752,536332722,486726726,623499990,380902504,166342776,523707644,234034886,421489228,7106958,171147346,367012064,522975066,302507144,463893126,287265716,463017838,373576724,459364462,356470552,93094490,264993442
-562305836,-226865896,-2000480248,1963848376,-637374310,-975669058,-42925426,-1697351544,1134396888,-723472724,1596032318,-1420564932,48466854,1167162298,-1792079264,-728468638,2062988072,-1131385858,1959047108,-1137355002,-1747310684,-1162269690,-1863968520,634870370,1807158346
441887930,481598700,271630884,232488508,433001013,392952279,503374335,307516516,134294604,422808326,188944919,340283662,5737707,138173509,296302256,422216889,244225076,374517879,231920114,373811227,301602146,370861723,287791708,75158585,213938893
34978240,38121600,21501312,18402944,34274784,31104672,39845280,24341888,10630272,33467968,14956192,26935616,454176,10937312,23454208,33421152,19331968,29645472,18357952,29589536,23873728,29356064,22780544,5949280,16934624
2011363860,-2102849896,1236396168,1058229816,1970912826,1788620958,-2003732626,1399738632,611275608,1924518252,860030238,1548886524,26116614,628931418,1348694112,1921826178,1111651752,1704712158,1055642628,1701495654,1372817892,1688070246,1309956216,342103170,973796586
-2017987426,-1813363996,1399671756,1197977172,-2063780329,2024822061,-1701157531,1584584844,691999236,-2116301662,973603821,1753428858,29565513,711986631,1526799504,-2119349245,1258453884,1929832461,1195048326,1926191193,1554109014,1910992857,1482945972,387280515,1102393887
628285130,684746700,386210244,330556828,615649533,558707439,715707735,437233156,190942764,601157366,268645679,483822142,8157987,196457869,421288496,600316449,347244116,532497039,329748674,531492307,428823986,527298643,409188028,106861985,304182613
1698860900,1851531000,1044298920,893814040,1664694690,1510725270,1935248550,1182263080,516302520,1625508380,726408470,1308238060,22058910,531215170,1139149280,1623234570,938935880,1439853270,891628820,1437136510,1159524980,1425796990,1106430040,288951050,822499090
215104670,234435300,132225996,113172052,210778647,191283501,245035365,149694604,65372676,205816994,91975661,165645178,2793033,67260871,144235664,205529091,118885244,182309901,112895366,181965913,146815574,180530137,140092852,36586115,104142367
-1337637646,-1071873796,1817886420,1555926540,-1397113231,-1665138901,-926140621,2058050580,898765020,-1465327666,1264511595,-2017622986,38399535,924724545,1982999280,-1469285851,1634473380,-1788510901,1552122570,-1793240161,2018468730,-1812979681,1926042540,502997925,1431783465
1963211250,2139637500,1206796500,1032895500,1923728625,1745800875,-2058585421,1366228500,596641500,1878444750,839440875,1511805750,25491375,613874625,1316406000,1875817125,1085038500,1663900875,1030370250,1660761375,1339952250,1647657375,1278595500,333913125,950483625
-
]
[
+
0,0,20,1,0
144
12751
38266
23013
53951
11483
46467
19715
5981
9514
64882
7681
608
34962
39579
10921
29530
3739
51405
34125
*
+
1,0,1,25,0
57530,62700,35364,30268,56373,51159,65535,40036,17484,55046,24599,44302,747,17989,38576,54969,31796,48759,30194,48667,39266,48283,37468,9785,27853
*
$
2,0,20,25,1
8284320,9028800,5092416,4358592,8117712,7366896,9437040,5765184,2517696,7926624,3542256,6379488,107568,2590416,5554944,7915536,4578624,7021296,4347936,7008048,5654304,6952752,5395392,1409040,4010832
733565030,799487700,450926364,385947268,718812123,652328409,835636785,510499036,222938484,701891546,313661849,564894802,9524997,229377739,491882576,700909719,405430796,621726009,385003694,620552917,500680766,615656533,477754468,124768535,355153603
-2093524316,-1895689096,1353238824,1158235288,-2137798078,1957650294,-1787204986,1532017576,669042744,2106390236,941305334,1695260332,28584702,688367074,1476149216,2103443754,1216705736,1865811894,1155403604,1862291422,1502552756,1847597278,1433750488,374432810,1065822898
1323937890,1442915100,813831732,696557484,1297311849,1177322067,1508156955,921348468,402359292,1266773598,566096787,1019521926,17190711,413980857,887749488,1265001597,731721348,1122090867,694854522,1119973671,903628458,1111136679,862251084,225182205,640981089
-1191166266,-912239596,1907923164,1632988868,-1253587573,-1534888087,-759288511,-2134985060,943279284,-1325180550,1327140649,-1904830094,40301397,970524539,2081213776,-1329334777,1715425996,-1664370487,1628996494,-1669333979,2118439966,-1690051163,2021436068,527910535,1502697203
660616990,719984100,406084812,347567444,647331159,587458797,752538405,459733388,200768772,632093218,282470317,508719866,8577801,206567687,442968208,631209027,365113468,559899597,346717702,558843161,450891478,554433689,430245044,112361155,319835999
-1621720786,-1381486396,1643258988,1406463156,-1675483105,-1917762043,-1249752451,1860352812,812429028,-1737144814,1143041733,2058581034,34710849,835894863,1792510992,-1740722773,1477464732,-2029282843,1403024598,-2033557807,1824573222,-2051401135,1741025556,454679595,1294245351
1134203950,1236130500,697201260,596733620,1111393695,1008599685,1292022525,789309740,344697060,1085231890,484969285,873413930,14727105,354653135,760525840,1083713835,626858140,961283685,595274710,959469905,774129190,951899345,738681620,192911275,549121895
344086930,375008700,211512084,181032908,337166913,305981979,391964835,239455316,104571804,329230126,147126619,264970262,4467807,107592209,230723056,328769589,190171876,291627579,180590314,291077327,234849946,288780623,224096108,58524085,166588793
547340420,596527800,336453096,287969752,536332722,486726726,623499990,380902504,166342776,523707644,234034886,421489228,7106958,171147346,367012064,522975066,302507144,463893126,287265716,463017838,373576724,459364462,356470552,93094490,264993442
-562305836,-226865896,-2000480248,1963848376,-637374310,-975669058,-42925426,-1697351544,1134396888,-723472724,1596032318,-1420564932,48466854,1167162298,-1792079264,-728468638,2062988072,-1131385858,1959047108,-1137355002,-1747310684,-1162269690,-1863968520,634870370,1807158346
441887930,481598700,271630884,232488508,433001013,392952279,503374335,307516516,134294604,422808326,188944919,340283662,5737707,138173509,296302256,422216889,244225076,374517879,231920114,373811227,301602146,370861723,287791708,75158585,213938893
34978240,38121600,21501312,18402944,34274784,31104672,39845280,24341888,10630272,33467968,14956192,26935616,454176,10937312,23454208,33421152,19331968,29645472,18357952,29589536,23873728,29356064,22780544,5949280,16934624
2011363860,-2102849896,1236396168,1058229816,1970912826,1788620958,-2003732626,1399738632,611275608,1924518252,860030238,1548886524,26116614,628931418,1348694112,1921826178,1111651752,1704712158,1055642628,1701495654,1372817892,1688070246,1309956216,342103170,973796586
-2017987426,-1813363996,1399671756,1197977172,-2063780329,2024822061,-1701157531,1584584844,691999236,-2116301662,973603821,1753428858,29565513,711986631,1526799504,-2119349245,1258453884,1929832461,1195048326,1926191193,1554109014,1910992857,1482945972,387280515,1102393887
628285130,684746700,386210244,330556828,615649533,558707439,715707735,437233156,190942764,601157366,268645679,483822142,8157987,196457869,421288496,600316449,347244116,532497039,329748674,531492307,428823986,527298643,409188028,106861985,304182613
1698860900,1851531000,1044298920,893814040,1664694690,1510725270,1935248550,1182263080,516302520,1625508380,726408470,1308238060,22058910,531215170,1139149280,1623234570,938935880,1439853270,891628820,1437136510,1159524980,1425796990,1106430040,288951050,822499090
215104670,234435300,132225996,113172052,210778647,191283501,245035365,149694604,65372676,205816994,91975661,165645178,2793033,67260871,144235664,205529091,118885244,182309901,112895366,181965913,146815574,180530137,140092852,36586115,104142367
-1337637646,-1071873796,1817886420,1555926540,-1397113231,-1665138901,-926140621,2058050580,898765020,-1465327666,1264511595,-2017622986,38399535,924724545,1982999280,-1469285851,1634473380,-1788510901,1552122570,-1793240161,2018468730,-1812979681,1926042540,502997925,1431783465
1963211250,2139637500,1206796500,1032895500,1923728625,1745800875,-2058585421,1366228500,596641500,1878444750,839440875,1511805750,25491375,613874625,1316406000,1875817125,1085038500,1663900875,1030370250,1660761375,1339952250,1647657375,1278595500,333913125,950483625
-
]
