[
+
0,0,4,2,0
59337,63154
65380,27587
24336,65535
64936,24204
*
+
1,0,2,4,0
63125,48908,62386,44961
57189,60908,62351,64015
*
$
2,0,4,4,1
3062394935,2453670532,3344545840,2415686871
1409818147,582906740,1503906421,410564689
989123819,886863572,1309431185,994426625
1188320260,355139824,1265273604,174039260
-
]
[
+
3,1,4,2,0
65427,38571
65360,55781
63276,64347
32518,64818
*
+
4,1,2,4,0
41794,61962,56002,48904
62950,59853,49042,65145
*
$
5,1,4,4,1
867533192,2067610541,1260674540,1417382507
1948102494,3093529217,2100935226,2535251389
2400233498,3477101207,2404320830,2991367523
1144383096,1599464774,704910096,1517861586
-
]
[
+
6,2,4,2,0
65063,48559
31879,56209
15891,48576
64430,61024
*
+
7,2,2,4,0
62909,56083,31516,44026
45875,24247,65503,65388
*
$
8,2,4,4,1
2025725096,531371006,936318389,1744672234
289096590,3150769580,391589395,783931650
3228110919,2069037225,3682694484,3875904654
2557735574,798109322,1732863656,2531865196
-
]
